0.435825348132568
0.6887329100280146
0.7612349338453313
0.6630449381458186
0.5423998068112679
0.6505536764922557
1.1929834266421486
0.37216412871664506
0.4412484077311003
0.44080888812781893
0.6540538923396202
0.2090586045852394
0.16654436191574984
0.18087522514805165
0.6567881812995608
0.06532701799494856
-0.17075030821175963
-0.04454288699254727
0.2622465537194505
0.4676117417160557
0.37358554075848605
0.4055149208960358
0.4761532581493535
0.40012634324661045
0.6433452115032554
0.6366550032743508
0.7580770561124339
0.7077142985921507
0.41205664964804534
0.8729994364144891
0.22593938657220924
0.21745607373141196
0.6156315740836291
0.38301540877349183
0.2976812192324605
0.5246576419955762
0.4379831291011831
0.283428962808836
0.2763512404171342
0.5285602866843728
0.713333978982857
-0.10509048424622369
0.10053256368122065
0.08634566372734787
0.2869711190905515
0.29366482244075964
0.5578224538277188
0.4617777310179245
0.23542407481406347
0.3705436275516836
0.2768316293043407
0.3972459175204457
0.4177882958291257
0.2725144191691742
-0.026353647198395613
-0.09002697778856916
-0.1879345825632015
-0.034577354619264256
-0.10580179300176873
-0.06643934040658461
-0.2184589478708716
0.07193207070505103
-0.022813762011390182
-0.08742827277556042
0.21709461674150177
0.37212992663599653
0.2824577546726661
0.1682847000284382
0.21473619444377468
0.10156593894711774
0.07368402882084935
0.14727163363227147
0.2753355398761257
0.19909885865515875
0.21643622673009322
0.4903278039684289
0.30312924097230454
-0.07685845807311509
-0.21095479114241078
-0.28107333543738555
-0.1955286236321152
-0.029108595406683868
-0.16286108166667557
-0.1458557137222014
-0.22982066198267503
-0.2699909112314609
-0.2491274844237532
-0.12826514172077097
-0.03929192917668711
0.0590481186499634
0.1285078321917803
0.40488876102167026
0.44151220400304236
0.17904964101607845
0.3430989836932321
0.3334715892941955
-0.1255887443752317
-0.09365125981967015
-0.17818852933174778
-0.013028627254772385
-0.013399164679626985
-0.20594760436171766
-0.08265325694830139
-0.2098202083293268
-0.31810265387593173
-0.20555703490526422
-0.1608834840074067
-0.13570531237881678
-0.18956472386529022
-0.21083186028292378
-0.19602926180916747
-0.17525013044222515
-0.21109977198739482
-0.34406130160357407
-0.3329372370798369
-0.2021836106712005
0.3040484218431674
0.3014525580823566
0.2105614566788021
0.03689675911958901
0.1305632098727365
-0.008290403127492407
-0.07229984867854489
0.032807162159059544
0.040425109643202894
-0.09610809983521751
0.05819405292271451
-0.15186387604658869
-0.10060172152121538
-0.2212101355317886
-0.016010533043189668
-0.017015052715418477
0.02613191878940757
0.09797178327555489
-0.0332447294363476
0.049455619640978554
0.07533511978863583
-0.08953971770724234
-0.20190285241896788
-0.29480170130304195
0.10419610489514053
0.5629064781041926
0.3543267070485441
0.16335106778258668
0.09640079491551212
0.08409659447775653
0.1038511572385219
0.03257730095374578
-0.09310459773485213
-0.12776855560084543
-0.10714561193321437
-0.20603370349443306
-0.1847961225481285
-0.07458702940212181
-0.1808009870395848
-0.10455515049041608
-0.08808096239449359
-0.03231085258963873
0.08056681456967318
-0.14526224014753453
-0.034814547176539534
-0.3548280503376162
-0.24646466635327346
-0.2812703177099207
0.27285969182285363
0.17044416429118492
0.12347823675031533
-0.12708859161194042
0.4287149208805996
0.30746079625919354
0.3224635619912566
0.43600923423637594
0.18447250663518977
0.35756968140796763
0.24496200279996705
-0.047281550853828236
0.22249205637767933
0.12370251407713617
0.1330990201022093
-0.03582517156326581
0.018659354521309623
0.12305572574893198
0.041288301938619654
-0.07666497566146191
-0.07572246333401011
-0.17511311493052606
-0.05161637510995387
0.33576696510432846
0.34656159726748115
0.32370980690681783
0.4139202051595259
0.2926782933651437
0.6089114395456479
0.6807847769295052
0.5423311085629776
0.550718491106069
0.6802272109988818
0.3328453174327608
0.29289349701612943
0.40303825313321795
0.2999671342172796
-0.08707104487062178
0.05471182583970258
-0.07458856622690213
-0.1050363437058568
0.028215295697101794
0.07022381097964292
-0.14108044978416778
-0.18466631390416754
-0.07869079663636036
-0.04440445484234257
-0.11077516679248367
-0.1638560351392564
0.11902161990807025
0.27438567651049084
0.43999598734140477
0.7506596105561649
0.6836774748291119
0.5401714103589534
0.17507471302472144
0.6983593837844271
1.0902909913203793
1.0178201573989654
0.7770465444491608
0.5593853218763698
0.562299209757291
0.44050067500004975
0.6048683507493564
0.43582723348079977
0.5944356088229341
0.19981723472663315
0.27409016344355486
0.17033905827593543
0.08445961097290766
-0.15218273687046402
0.14913575769780207
0.4075692270627975
0.3996175456542854
0.33866202489858566
0.6748635521201094
0.685029613153624
0.7507277500388194
0.8255463233934774
0.3310836547257143
0.6041079338333186
1.5389965042002205
1.200327844764638
0.5986764805083986
0.6551724170682354
0.1380756289725822
-0.1369989403694749
0.08784718955572668
-0.12726071287161123
0.08314843525658588
0.3143051043823064
0.13775200477047322
-0.06893299258108954
-0.07624544383365484
0.03250966672973421
0.35446243954683254
0.4069014276829812
0.459754961655658
0.5059169015742473
0.6105584896886125
0.9589560192983209
0.9799401550719868
0.8664627597662022
0.720695787521509
0.6341386314766517
1.198863140224034
1.2625422035095355
0.5387738732451153
0.32390479623015
0.05788283036939035
-0.017727129579135692
0.08782575412860538
0.03950246503724486
0.4873054925176197
0.3386563035557808
-0.06395221864091782
-0.03317994609166108
0.1330231323473543
0.5426257752908552
0.8360996821925857
0.7966318518702906
0.9558982259771447
0.8901440848142221
0.8372142508622704
