Month,Hour,a,b,c,d,Pearson R,dF
JAN,0,8.68936e-07,-2.28161e-04,2.35111e-02,2.48754,0.72845,0.43583            
JAN,1,9.27719e-07,-2.54335e-04,2.68133e-02,2.35181,0.74667,0.68873            
JAN,2,9.54634e-07,-2.61795e-04,2.79350e-02,2.18510,0.69163,0.76123            
JAN,3,1.25626e-06,-3.31190e-04,3.23318e-02,1.90705,0.68491,0.66304            
JAN,4,1.86246e-06,-4.42389e-04,3.69696e-02,1.75374,0.68244,0.54240            
JAN,5,2.51227e-06,-7.00634e-04,7.85936e-02,1.56024,0.74178,0.65055            
JAN,6,3.70064e-06,-1.06172e-03,1.27634e-01,1.37219,0.73942,1.19298            
JAN,7,2.28534e-06,-5.60202e-04,8.15074e-02,3.64966,0.88319,0.37216            
JAN,8,2.03052e-06,-4.75168e-04,7.35625e-02,4.43870,0.95643,0.44125            
JAN,9,1.75546e-06,-4.07841e-04,6.93818e-02,4.61652,0.97349,0.44081            
JAN,10,1.32112e-06,-2.72552e-04,5.78956e-02,4.74240,0.97620,0.65405            
JAN,11,5.99634e-07,-1.01683e-04,4.66496e-02,4.92681,0.98108,0.20906            
JAN,12,6.47989e-07,-1.05177e-04,4.45266e-02,4.85880,0.98093,0.16654            
JAN,13,4.75502e-07,-4.70255e-05,3.82891e-02,4.51181,0.97713,0.18088            
JAN,14,1.35187e-06,-2.34215e-04,4.55182e-02,3.77683,0.96738,0.65679            
JAN,15,-1.58746e-07,1.24628e-04,1.77648e-02,3.32036,0.95431,0.06533            
JAN,16,3.84958e-07,1.74847e-05,1.49948e-02,2.74534,0.92662,-0.17075            
JAN,17,1.06598e-06,-1.83572e-04,2.16906e-02,2.25772,0.86023,-0.04454            
JAN,18,2.08723e-06,-4.69609e-04,3.79147e-02,1.93933,0.81195,0.26225            
JAN,19,1.91449e-06,-4.82081e-04,4.14669e-02,1.95201,0.77905,0.46761            
JAN,20,1.69870e-06,-4.38447e-04,3.82282e-02,2.12873,0.72470,0.37359            
JAN,21,1.46502e-06,-3.94877e-04,3.66104e-02,2.18759,0.70516,0.40551            
JAN,22,1.38753e-06,-3.83753e-04,3.67272e-02,2.21725,0.69575,0.47615            
JAN,23,1.05281e-06,-2.76854e-04,2.67100e-02,2.44048,0.71253,0.40013            
FEB,0,1.34598e-06,-3.35605e-04,3.28822e-02,2.35836,0.83410,0.64335            
FEB,1,1.23884e-06,-3.06636e-04,3.05281e-02,2.35772,0.79866,0.63666            
FEB,2,1.35540e-06,-3.34092e-04,3.21870e-02,2.24153,0.79885,0.75808            
FEB,3,1.40487e-06,-3.26301e-04,2.98309e-02,2.08475,0.79430,0.70771            
FEB,4,1.68677e-06,-4.06630e-04,4.03471e-02,1.91269,0.77365,0.41206            
FEB,5,3.60620e-06,-1.01270e-03,1.09446e-01,1.46455,0.67676,0.87300            
FEB,6,2.46074e-06,-6.18642e-04,8.30518e-02,3.02885,0.79674,0.22594            
FEB,7,2.94604e-06,-6.77226e-04,8.17293e-02,4.13391,0.90573,0.21746            
FEB,8,3.35418e-06,-7.97199e-04,9.36851e-02,4.37269,0.95305,0.61563            
FEB,9,2.72383e-06,-6.32931e-04,8.39185e-02,4.77451,0.97384,0.38302            
FEB,10,2.25139e-06,-5.14875e-04,7.56057e-02,4.93383,0.98264,0.29768            
FEB,11,1.49060e-06,-3.33472e-04,6.49715e-02,4.87330,0.98647,0.52466            
FEB,12,1.51813e-06,-3.38210e-04,6.40214e-02,4.85717,0.98672,0.43798            
FEB,13,9.74281e-07,-2.05609e-04,5.53643e-02,4.78454,0.98933,0.28343            
FEB,14,3.12492e-07,1.41324e-07,3.62967e-02,4.63255,0.98481,0.27635            
FEB,15,1.02414e-06,-1.53243e-04,4.20066e-02,3.89887,0.97553,0.52856            
FEB,16,1.65008e-06,-2.97232e-04,4.35532e-02,3.22005,0.95235,0.71333            
FEB,17,8.51045e-07,-9.34552e-05,2.21534e-02,3.07241,0.93549,-0.10509            
FEB,18,9.11767e-07,-1.29013e-04,1.95030e-02,2.75916,0.92785,0.10053            
FEB,19,1.36488e-06,-2.64604e-04,2.60968e-02,2.49436,0.91964,0.08635            
FEB,20,1.89426e-06,-4.24114e-04,3.66074e-02,2.32672,0.88754,0.28697            
FEB,21,1.70070e-06,-3.95910e-04,3.57489e-02,2.31719,0.87896,0.29366            
FEB,22,1.86214e-06,-4.53650e-04,4.03945e-02,2.26749,0.84474,0.55782            
FEB,23,1.52330e-06,-3.77356e-04,3.57125e-02,2.34880,0.84013,0.46178            
MAR,0,8.38745e-07,-1.76933e-04,2.66713e-02,2.57415,0.95265,0.23542            
MAR,1,9.24659e-07,-2.02452e-04,2.83903e-02,2.44632,0.94890,0.37054            
MAR,2,1.18381e-06,-2.69380e-04,3.17229e-02,2.35445,0.93602,0.27683            
MAR,3,1.20736e-06,-2.76778e-04,3.35126e-02,2.24131,0.90814,0.39725            
MAR,4,2.35011e-06,-6.16811e-04,6.92415e-02,2.16920,0.80132,0.41779            
MAR,5,2.49426e-06,-6.13887e-04,7.23203e-02,3.02675,0.84033,0.27251            
MAR,6,1.26532e-06,-2.68473e-04,5.18156e-02,4.03799,0.89678,-0.02635            
MAR,7,2.30554e-06,-5.02823e-04,6.62077e-02,4.46305,0.91455,-0.09003            
MAR,8,1.88732e-06,-3.73333e-04,5.85756e-02,4.82833,0.91478,-0.18793            
MAR,9,1.71116e-06,-3.49115e-04,6.05435e-02,4.98245,0.92682,-0.03458            
MAR,10,1.33793e-06,-2.63377e-04,5.57345e-02,5.13304,0.94078,-0.10580            
MAR,11,9.28681e-07,-1.60671e-04,4.92889e-02,5.16623,0.95202,-0.06644            
MAR,12,7.85856e-07,-1.31194e-04,4.67124e-02,5.10746,0.95348,-0.21846            
MAR,13,8.68259e-07,-1.69310e-04,4.97351e-02,4.92977,0.97196,0.07193            
MAR,14,7.92318e-07,-1.53491e-04,4.77579e-02,4.81635,0.97683,-0.02281            
MAR,15,2.76086e-07,-4.20534e-05,4.11902e-02,4.65288,0.98608,-0.08743            
MAR,16,1.06545e-06,-2.11528e-04,4.49180e-02,4.26603,0.98009,0.21709            
MAR,17,1.98701e-06,-4.61848e-04,5.73704e-02,3.66487,0.96838,0.37213            
MAR,18,1.39956e-06,-3.08013e-04,4.33945e-02,3.39614,0.95394,0.28246            
MAR,19,9.89467e-07,-1.79278e-04,2.86609e-02,3.24929,0.96096,0.16828            
MAR,20,1.02447e-06,-1.73961e-04,2.40785e-02,3.08443,0.96335,0.21474            
MAR,21,1.02239e-06,-1.79949e-04,2.44693e-02,2.89926,0.95001,0.10157            
MAR,22,1.07754e-06,-2.02786e-04,2.65430e-02,2.73580,0.94001,0.07368            
MAR,23,9.68676e-07,-1.89751e-04,2.66570e-02,2.66245,0.94745,0.14727            
APR,0,5.96938e-07,-1.13349e-04,2.87490e-02,2.74151,0.96241,0.27534            
APR,1,6.93325e-07,-1.24527e-04,2.73586e-02,2.61237,0.95359,0.19910            
APR,2,1.23791e-06,-2.60325e-04,3.62301e-02,2.43273,0.92650,0.21644            
APR,3,2.45921e-06,-5.80829e-04,6.13127e-02,2.46437,0.86818,0.49033            
APR,4,2.36246e-06,-5.31493e-04,5.94722e-02,3.14341,0.86072,0.30313            
APR,5,1.51928e-06,-3.00629e-04,4.70002e-02,3.86977,0.89429,-0.07686            
APR,6,1.19357e-06,-2.21066e-04,4.58101e-02,4.29781,0.90025,-0.21095            
APR,7,8.27909e-07,-1.49975e-04,4.61402e-02,4.66809,0.91117,-0.28107            
APR,8,9.14364e-07,-1.82997e-04,5.12781e-02,4.90363,0.93360,-0.19553            
APR,9,1.16016e-06,-2.23916e-04,5.22531e-02,5.14178,0.94310,-0.02911            
APR,10,6.40930e-07,-1.08107e-04,4.68049e-02,5.15185,0.95133,-0.16286            
APR,11,1.71301e-07,-1.44250e-06,3.96661e-02,5.20455,0.96647,-0.14586            
APR,12,-1.14622e-07,5.53905e-05,3.61984e-02,5.17372,0.97162,-0.22982            
APR,13,-3.81145e-07,9.25600e-05,3.48641e-02,5.10794,0.97624,-0.26999            
APR,14,-5.12116e-07,1.21900e-04,3.17579e-02,5.07418,0.97843,-0.24913            
APR,15,-2.21924e-07,4.16610e-05,3.66539e-02,4.97420,0.97580,-0.12827            
APR,16,2.25677e-08,-3.96360e-05,4.13842e-02,4.90546,0.97970,-0.03929            
APR,17,4.91451e-07,-1.39165e-04,4.09703e-02,4.80709,0.97826,0.05905            
APR,18,1.20287e-06,-2.69655e-04,4.09210e-02,4.63957,0.97070,0.12851            
APR,19,1.36361e-06,-2.98712e-04,3.81729e-02,4.35267,0.95757,0.40489            
APR,20,7.83907e-07,-1.40505e-04,2.72584e-02,3.96982,0.97549,0.44151            
APR,21,5.97828e-07,-9.99699e-05,2.61339e-02,3.52712,0.97510,0.17905            
APR,22,1.03028e-06,-2.17645e-04,3.53544e-02,3.10187,0.96682,0.34310            
APR,23,7.76575e-07,-1.58015e-04,3.19885e-02,2.89706,0.95921,0.33347            
MAY,0,3.26721e-07,-9.82762e-05,3.11833e-02,3.21444,0.97158,-0.12559            
MAY,1,5.95511e-07,-1.48412e-04,3.30269e-02,3.00335,0.96585,-0.09365            
MAY,2,7.95196e-07,-1.68057e-04,3.35552e-02,3.09438,0.93824,-0.17819            
MAY,3,1.41293e-06,-3.20574e-04,4.43989e-02,3.53962,0.90248,-0.01303            
MAY,4,1.29228e-06,-2.80600e-04,4.18957e-02,4.11413,0.90848,-0.01340            
MAY,5,1.30624e-06,-2.64506e-04,4.10538e-02,4.49781,0.90512,-0.20595            
MAY,6,1.36375e-06,-2.86743e-04,4.52475e-02,4.71410,0.92098,-0.08265            
MAY,7,1.28325e-06,-2.91720e-04,4.81018e-02,4.96730,0.93045,-0.20982            
MAY,8,6.85221e-07,-1.60981e-04,4.21375e-02,5.21088,0.95409,-0.31810            
MAY,9,1.68506e-07,-4.05708e-05,3.45003e-02,5.31947,0.96333,-0.20556            
MAY,10,-7.59903e-08,1.46878e-05,3.18332e-02,5.24614,0.97415,-0.16088            
MAY,11,-2.74485e-07,3.85525e-05,3.18659e-02,5.11918,0.97327,-0.13571            
MAY,12,-3.41746e-07,7.41224e-05,2.82397e-02,5.03747,0.97792,-0.18956            
MAY,13,-2.93598e-07,5.29808e-05,2.85981e-02,4.96371,0.98035,-0.21083            
MAY,14,-1.80898e-08,-7.32782e-06,3.09776e-02,4.87541,0.98243,-0.19603            
MAY,15,1.41870e-07,-6.42277e-05,3.46552e-02,4.89245,0.97805,-0.17525            
MAY,16,4.60594e-07,-1.54937e-04,4.09187e-02,4.99225,0.96544,-0.21110            
MAY,17,8.13727e-07,-2.51473e-04,4.58984e-02,5.17811,0.95032,-0.34406            
MAY,18,1.18073e-06,-3.17211e-04,4.45705e-02,5.26063,0.94675,-0.33294            
MAY,19,8.37229e-07,-2.08133e-04,3.24545e-02,5.31174,0.96064,-0.20218            
MAY,20,7.07916e-07,-1.70424e-04,3.01473e-02,4.88160,0.96789,0.30405            
MAY,21,5.73175e-07,-1.29949e-04,2.85748e-02,4.36666,0.98223,0.30145            
MAY,22,4.40673e-07,-1.14638e-04,3.02901e-02,3.87166,0.99041,0.21056            
MAY,23,7.63450e-07,-1.90217e-04,3.53734e-02,3.49743,0.98076,0.03690            
JUN,0,1.79100e-07,-6.92255e-05,2.87312e-02,3.48573,0.96877,0.13056            
JUN,1,2.68397e-08,-3.15847e-05,2.68320e-02,3.29020,0.97540,-0.00829            
JUN,2,3.19339e-08,-1.64058e-05,2.63487e-02,3.44448,0.96072,-0.07230            
JUN,3,4.41670e-07,-1.08002e-04,3.18297e-02,3.93519,0.92836,0.03281            
JUN,4,9.32478e-07,-1.87940e-04,3.39573e-02,4.37437,0.92801,0.04043            
JUN,5,7.00727e-07,-1.41465e-04,3.13892e-02,4.66521,0.91423,-0.09611            
JUN,6,6.65855e-07,-1.63369e-04,3.58142e-02,4.77705,0.92646,0.05819            
JUN,7,5.21299e-07,-1.27007e-04,3.46100e-02,4.96273,0.94086,-0.15186            
JUN,8,5.60973e-07,-1.45991e-04,3.61240e-02,5.13649,0.94300,-0.10060            
JUN,9,4.23728e-07,-1.15137e-04,3.33303e-02,5.21156,0.95227,-0.22121            
JUN,10,4.90535e-07,-1.18888e-04,3.12999e-02,5.17886,0.95651,-0.01601            
JUN,11,1.53671e-07,-3.74148e-05,2.61006e-02,5.09018,0.96815,-0.01702            
JUN,12,1.65504e-07,-4.57525e-05,2.62015e-02,4.95011,0.97462,0.02613            
JUN,13,-2.01973e-09,-3.07578e-05,2.66754e-02,4.78151,0.97336,0.09797            
JUN,14,5.93693e-08,-4.00835e-05,2.64905e-02,4.71213,0.97687,-0.03324            
JUN,15,3.33123e-07,-1.02576e-04,2.95208e-02,4.68486,0.97406,0.04946            
JUN,16,7.04316e-07,-1.93999e-04,3.53028e-02,4.75886,0.95253,0.07534            
JUN,17,6.97190e-07,-2.22334e-04,3.85489e-02,4.97471,0.90819,-0.08954            
JUN,18,1.35644e-06,-3.72904e-04,4.50692e-02,5.20968,0.86671,-0.20190            
JUN,19,9.21744e-07,-2.60348e-04,3.69163e-02,5.26519,0.93272,-0.29480            
JUN,20,5.90511e-07,-1.58906e-04,2.76348e-02,5.21546,0.95976,0.10420            
JUN,21,5.63371e-07,-1.71503e-04,3.29918e-02,4.63414,0.94941,0.56291            
JUN,22,2.56030e-07,-9.71553e-05,2.99191e-02,4.18429,0.96716,0.35433            
JUN,23,8.55604e-09,-2.88799e-05,2.63594e-02,3.81136,0.97814,0.16335            
JUL,0,-2.91389e-07,4.74381e-05,2.23345e-02,3.24315,0.97533,0.09640            
JUL,1,1.36247e-08,-2.08130e-05,2.55640e-02,2.99964,0.97170,0.08410            
JUL,2,6.56073e-07,-1.51684e-04,3.13380e-02,3.06009,0.95369,0.10385            
JUL,3,5.27980e-07,-1.38233e-04,3.38508e-02,3.55721,0.91753,0.03258            
JUL,4,4.72334e-08,-2.11971e-05,2.72590e-02,4.09558,0.92322,-0.09310            
JUL,5,4.56149e-07,-1.02199e-04,3.12033e-02,4.38398,0.92338,-0.12777            
JUL,6,4.64724e-07,-1.17342e-04,3.39750e-02,4.49569,0.92041,-0.10715            
JUL,7,5.19669e-07,-1.24795e-04,3.41301e-02,4.69726,0.93777,-0.20603            
JUL,8,4.88183e-07,-1.14596e-04,3.32873e-02,4.86547,0.95514,-0.18480            
JUL,9,3.35679e-07,-7.43046e-05,3.05912e-02,4.92053,0.95141,-0.07459            
JUL,10,1.35662e-07,-2.41283e-05,2.61277e-02,4.97131,0.95904,-0.18080            
JUL,11,3.23560e-07,-6.63354e-05,2.72003e-02,4.91222,0.96836,-0.10456            
JUL,12,3.57192e-07,-8.59344e-05,2.79819e-02,4.80676,0.97051,-0.08808            
JUL,13,5.72310e-08,-1.95301e-05,2.37691e-02,4.69621,0.97628,-0.03231            
JUL,14,5.01902e-07,-1.10217e-04,2.84867e-02,4.54679,0.96684,0.08057            
JUL,15,-1.57556e-08,-2.01503e-05,2.49119e-02,4.52171,0.97335,-0.14526            
JUL,16,4.00843e-07,-1.26086e-04,3.21016e-02,4.50372,0.96222,-0.03481            
JUL,17,2.86899e-07,-1.08451e-04,3.21573e-02,4.72206,0.93394,-0.35483            
JUL,18,6.62739e-07,-2.14639e-04,3.71165e-02,4.98160,0.92470,-0.24646            
JUL,19,3.29735e-07,-1.12746e-04,2.82029e-02,5.00558,0.96338,-0.28127            
JUL,20,6.80494e-08,-4.05322e-05,2.35374e-02,4.79105,0.95845,0.27286            
JUL,21,-3.29940e-07,4.44062e-05,2.06276e-02,4.35065,0.96298,0.17044            
JUL,22,-6.62311e-07,1.08539e-04,1.94608e-02,3.87658,0.97366,0.12348            
JUL,23,-5.65400e-07,1.13190e-04,1.82583e-02,3.51348,0.98190,-0.12709            
AUG,0,7.03007e-07,-1.67716e-04,2.93457e-02,3.01693,0.95703,0.42871            
AUG,1,4.24017e-07,-1.00166e-04,2.41840e-02,2.85191,0.94987,0.30746            
AUG,2,6.85042e-07,-1.56508e-04,2.79808e-02,2.70182,0.93453,0.32246            
AUG,3,1.19194e-06,-2.90379e-04,4.12540e-02,3.00173,0.87340,0.43601            
AUG,4,1.04884e-06,-2.48933e-04,3.91861e-02,3.71580,0.88543,0.18447            
AUG,5,1.26249e-06,-2.90817e-04,4.24910e-02,4.09777,0.92167,0.35757            
AUG,6,1.00786e-06,-2.23579e-04,3.97899e-02,4.45868,0.92942,0.24496            
AUG,7,9.93825e-07,-2.49399e-04,4.38765e-02,4.71316,0.92584,-0.04728            
AUG,8,9.59373e-07,-2.42826e-04,4.47245e-02,4.85388,0.94860,0.22249            
AUG,9,5.74640e-07,-1.35326e-04,3.59534e-02,5.00775,0.96400,0.12370            
AUG,10,5.18441e-07,-1.17078e-04,3.46068e-02,4.97577,0.96775,0.13310            
AUG,11,-1.38678e-08,1.00089e-05,2.61228e-02,4.99954,0.97847,-0.03583            
AUG,12,1.18418e-07,-1.43692e-05,2.59644e-02,4.84798,0.98092,0.01866            
AUG,13,4.07207e-07,-8.85207e-05,2.99764e-02,4.71508,0.98019,0.12306            
AUG,14,8.90228e-08,-2.28603e-05,2.65269e-02,4.63481,0.98304,0.04129            
AUG,15,-6.38936e-08,6.87437e-06,2.45565e-02,4.61893,0.98114,-0.07666            
AUG,16,5.67805e-07,-1.47922e-04,3.50137e-02,4.59647,0.96384,-0.07572            
AUG,17,9.56755e-07,-2.84552e-04,4.47473e-02,4.85997,0.93772,-0.17511            
AUG,18,9.48440e-07,-2.84987e-04,4.13973e-02,4.98964,0.95207,-0.05162            
AUG,19,6.37172e-07,-1.83690e-04,3.09288e-02,4.93499,0.96156,0.33577            
AUG,20,5.20725e-07,-1.55831e-04,2.87345e-02,4.48769,0.95581,0.34656            
AUG,21,6.39892e-07,-1.57407e-04,2.72349e-02,3.99019,0.97149,0.32371            
AUG,22,6.67301e-07,-1.63948e-04,2.89423e-02,3.52524,0.97253,0.41392            
AUG,23,5.76066e-07,-1.49896e-04,2.91514e-02,3.24640,0.96717,0.29268            
SEP,0,8.40423e-07,-2.34544e-04,3.61085e-02,2.61778,0.93322,0.60891            
SEP,1,8.97796e-07,-2.61786e-04,3.81458e-02,2.47169,0.92391,0.68078            
SEP,2,8.09052e-07,-2.23743e-04,3.34567e-02,2.45384,0.91925,0.54233            
SEP,3,1.07438e-06,-3.01660e-04,4.23176e-02,2.45271,0.87881,0.55072            
SEP,4,1.74943e-06,-5.17391e-04,6.70593e-02,2.72236,0.81891,0.68023            
SEP,5,1.23809e-06,-3.53684e-04,5.56168e-02,3.62338,0.89085,0.33285            
SEP,6,9.47764e-07,-2.96573e-04,5.62895e-02,4.16344,0.89165,0.29289            
SEP,7,1.28080e-06,-3.75210e-04,6.23280e-02,4.52967,0.87766,0.40304            
SEP,8,1.44433e-06,-3.98879e-04,6.20834e-02,4.73314,0.88008,0.29997            
SEP,9,2.69220e-07,-1.14457e-04,4.56378e-02,5.00329,0.92700,-0.08707            
SEP,10,1.00889e-07,-8.47355e-05,4.43207e-02,5.04320,0.94565,0.05471            
SEP,11,-9.59246e-08,-1.04332e-05,3.71376e-02,5.08424,0.95300,-0.07459            
SEP,12,-2.03217e-07,2.83024e-05,3.25083e-02,5.05893,0.96286,-0.10504            
SEP,13,-1.59545e-07,-4.92789e-06,3.65675e-02,4.87441,0.96774,0.02822            
SEP,14,-3.20834e-07,4.28038e-05,3.33047e-02,4.79052,0.97426,0.07022            
SEP,15,-3.63902e-07,6.36672e-05,2.97723e-02,4.76039,0.96430,-0.14108            
SEP,16,-1.61243e-09,-2.69043e-05,3.36414e-02,4.65798,0.98248,-0.18467            
SEP,17,6.94441e-07,-1.85619e-04,3.84109e-02,4.52460,0.97243,-0.07869            
SEP,18,7.44477e-07,-1.84510e-04,3.29228e-02,4.42987,0.95939,-0.04440            
SEP,19,7.00356e-07,-1.49012e-04,2.50239e-02,4.20500,0.95372,-0.11078            
SEP,20,3.90503e-07,-8.25380e-05,2.09027e-02,3.80429,0.96145,-0.16386            
SEP,21,7.91581e-07,-2.06958e-04,3.21555e-02,3.26078,0.95799,0.11902            
SEP,22,8.67402e-07,-2.36646e-04,3.54565e-02,2.94542,0.94519,0.27439            
SEP,23,1.06926e-06,-2.84974e-04,3.88146e-02,2.72287,0.92987,0.44000            
OCT,0,1.51912e-06,-3.60400e-04,3.47036e-02,2.81000,0.91417,0.75066            
OCT,1,1.32153e-06,-3.15482e-04,3.24722e-02,2.73639,0.90760,0.68368            
OCT,2,1.07858e-06,-2.55866e-04,2.81017e-02,2.70636,0.89648,0.54017            
OCT,3,5.56595e-07,-1.07129e-04,1.87551e-02,2.61002,0.85563,0.17507            
OCT,4,2.14371e-06,-5.91405e-04,6.86152e-02,2.58405,0.74519,0.69836            
OCT,5,1.91527e-06,-6.00806e-04,8.50639e-02,3.22362,0.76095,1.09029            
OCT,6,2.47852e-06,-6.49465e-04,8.14851e-02,4.35707,0.86656,1.01782            
OCT,7,2.36360e-06,-5.87270e-04,7.62713e-02,5.01234,0.89846,0.77705            
OCT,8,2.28505e-06,-5.36075e-04,7.20513e-02,5.46067,0.89958,0.55939            
OCT,9,2.04313e-06,-4.76909e-04,6.91962e-02,5.70553,0.89844,0.56230            
OCT,10,1.64255e-06,-3.35707e-04,5.65418e-02,5.82139,0.91265,0.44050            
OCT,11,1.26423e-06,-2.60444e-04,5.29924e-02,5.69154,0.93452,0.60487            
OCT,12,1.06945e-06,-2.18405e-04,5.18756e-02,5.63617,0.94075,0.43583            
OCT,13,1.16445e-06,-2.48305e-04,5.37070e-02,5.50933,0.93894,0.59444            
OCT,14,4.08124e-07,-4.92566e-05,3.97643e-02,5.26766,0.95341,0.19982            
OCT,15,2.76643e-07,-2.88257e-05,3.64276e-02,4.64231,0.97555,0.27409            
OCT,16,3.63683e-07,-4.40678e-05,3.17445e-02,4.18372,0.95696,0.17034            
OCT,17,9.25425e-07,-1.68147e-04,3.15543e-02,3.99280,0.96245,0.08446            
OCT,18,9.56899e-07,-1.29205e-04,1.90518e-02,3.74686,0.91982,-0.15218            
OCT,19,6.90741e-07,-8.94991e-05,1.61321e-02,3.39615,0.93498,0.14914            
OCT,20,1.36070e-06,-2.80793e-04,2.83847e-02,3.04859,0.92288,0.40757            
OCT,21,1.62607e-06,-3.73709e-04,3.59332e-02,2.88116,0.91776,0.39962            
OCT,22,1.41664e-06,-3.28535e-04,3.30746e-02,2.89266,0.91370,0.33866            
OCT,23,1.68273e-06,-3.95848e-04,3.68958e-02,2.82388,0.90602,0.67486            
NOV,0,1.45861e-06,-3.27484e-04,2.66800e-02,2.83166,0.75971,0.68503            
NOV,1,1.43022e-06,-3.25984e-04,2.72422e-02,2.77446,0.76381,0.75073            
NOV,2,1.49051e-06,-3.65862e-04,3.31064e-02,2.50392,0.73960,0.82555            
NOV,3,1.11088e-06,-2.68075e-04,2.67084e-02,2.36943,0.72508,0.33108            
NOV,4,1.98270e-06,-5.08404e-04,5.00795e-02,2.23544,0.74264,0.60411            
NOV,5,3.39643e-06,-9.59907e-04,1.05782e-01,2.41317,0.70578,1.53900            
NOV,6,2.77671e-06,-7.29043e-04,9.02210e-02,3.74122,0.79380,1.20033            
NOV,7,2.05207e-06,-4.59211e-04,6.58567e-02,4.98099,0.89941,0.59868            
NOV,8,1.52523e-06,-3.28210e-04,6.15974e-02,5.42066,0.91192,0.65517            
NOV,9,4.94985e-07,-9.12968e-05,5.01152e-02,5.88917,0.94796,0.13808            
NOV,10,-2.02069e-07,1.12631e-04,3.44142e-02,5.85797,0.96240,-0.13700            
NOV,11,-8.15643e-08,7.74621e-05,3.90799e-02,5.61727,0.96716,0.08785            
NOV,12,1.01091e-07,2.21645e-05,4.05198e-02,5.67032,0.94750,-0.12726            
NOV,13,-2.35908e-07,1.41336e-04,2.84115e-02,5.43429,0.94546,0.08315            
NOV,14,-4.01480e-07,1.90183e-04,2.43915e-02,4.42563,0.95465,0.31431            
NOV,15,-3.01324e-07,1.78018e-04,2.03215e-02,3.54059,0.95967,0.13775            
NOV,16,2.33833e-07,6.87837e-05,1.71712e-02,3.12702,0.94901,-0.06893            
NOV,17,1.13517e-06,-1.30058e-04,1.90992e-02,2.91978,0.92133,-0.07625            
NOV,18,1.03173e-06,-1.39914e-04,1.61668e-02,2.66620,0.88964,0.03251            
NOV,19,1.64022e-06,-3.11200e-04,2.50283e-02,2.53238,0.86299,0.35446            
NOV,20,1.71795e-06,-3.74103e-04,3.01191e-02,2.57781,0.80674,0.40690            
NOV,21,1.70608e-06,-3.72449e-04,2.98717e-02,2.62053,0.79258,0.45975            
NOV,22,1.72674e-06,-3.91093e-04,3.15186e-02,2.70557,0.79310,0.50592            
NOV,23,1.61485e-06,-3.65024e-04,2.96165e-02,2.76337,0.77057,0.61056            
DEC,0,1.22277e-06,-3.19511e-04,2.87307e-02,2.63393,0.62983,0.95896            
DEC,1,1.08382e-06,-2.86643e-04,2.73009e-02,2.59082,0.61659,0.97994            
DEC,2,8.81305e-07,-2.24680e-04,2.40433e-02,2.35593,0.69531,0.86646            
DEC,3,9.06500e-07,-2.45402e-04,2.71859e-02,2.14244,0.67991,0.72070            
DEC,4,1.89150e-06,-4.40788e-04,3.69109e-02,1.97553,0.69676,0.63414            
DEC,5,2.92257e-06,-7.24096e-04,7.32372e-02,1.98930,0.71557,1.19886            
DEC,6,2.50195e-06,-6.97489e-04,9.23164e-02,2.35002,0.72853,1.26254            
DEC,7,2.59061e-06,-5.56879e-04,7.18565e-02,4.10817,0.86049,0.53877            
DEC,8,1.34786e-06,-2.71770e-04,5.68250e-02,4.99946,0.94428,0.32390            
DEC,9,1.10811e-07,2.52314e-05,3.92699e-02,5.20991,0.96789,0.05788            
DEC,10,1.13424e-08,5.70136e-05,3.50821e-02,5.23052,0.96126,-0.01773            
DEC,11,1.64191e-07,2.04200e-05,3.90019e-02,5.17754,0.97344,0.08783            
DEC,12,9.11595e-08,3.81639e-05,3.51310e-02,5.17673,0.96480,0.03950            
DEC,13,3.71163e-07,9.99618e-06,3.14755e-02,4.68960,0.96141,0.48731            
DEC,14,-1.94540e-07,1.70918e-04,1.75711e-02,3.84725,0.95010,0.33866            
DEC,15,1.82738e-07,1.02647e-04,1.54048e-02,3.03434,0.95288,-0.06395            
DEC,16,1.50666e-06,-1.90959e-04,2.27072e-02,2.63577,0.92508,-0.03318            
DEC,17,2.14498e-06,-3.95781e-04,3.01206e-02,2.38912,0.85565,0.13302            
DEC,18,2.20443e-06,-4.67174e-04,3.45651e-02,2.14324,0.75293,0.54263            
DEC,19,1.96161e-06,-4.46749e-04,3.47525e-02,2.14865,0.71482,0.83610            
DEC,20,1.93455e-06,-4.57757e-04,3.56051e-02,2.29989,0.62515,0.79663            
DEC,21,1.65504e-06,-4.09695e-04,3.37803e-02,2.41132,0.61002,0.95590            
DEC,22,1.53572e-06,-3.97609e-04,3.43319e-02,2.48175,0.58867,0.89014            
DEC,23,1.21865e-06,-3.20469e-04,2.93837e-02,2.56364,0.57246,0.83721            
