Month, Hour, a, b, c, d, Pearson R
JAN,0,7.90565e-07,-2.02851e-04,2.11501e-02,2.54460,0.73479
JAN,1,8.28055e-07,-2.21681e-04,2.36867e-02,2.43187,0.74780
JAN,2,8.38033e-07,-2.23835e-04,2.43346e-02,2.27581,0.69272
JAN,3,1.15180e-06,-2.97142e-04,2.91027e-02,1.98789,0.69097
JAN,4,1.73805e-06,-4.02670e-04,3.33327e-02,1.83780,0.69055
JAN,5,2.27286e-06,-6.26045e-04,7.20487e-02,1.69694,0.75281
JAN,6,3.11709e-06,-8.92768e-04,1.13874e-01,1.63768,0.75036
JAN,7,2.10330e-06,-5.07494e-04,7.72148e-02,3.73249,0.88782
JAN,8,1.81468e-06,-4.12676e-04,6.84730e-02,4.53689,0.95807
JAN,9,1.53984e-06,-3.45412e-04,6.42974e-02,4.71461,0.97446
JAN,10,1.03446e-06,-1.89180e-04,5.10503e-02,4.87721,0.97651
JAN,11,4.97373e-07,-7.20747e-05,4.42383e-02,4.97333,0.98163
JAN,12,5.66524e-07,-8.15902e-05,4.26057e-02,4.89586,0.98148
JAN,13,3.87027e-07,-2.14090e-05,3.62029e-02,4.55206,0.97762
JAN,14,1.13040e-06,-1.68971e-04,4.00386e-02,3.89076,0.96719
JAN,15,-1.82686e-07,1.32068e-04,1.71150e-02,3.33376,0.95488
JAN,16,4.47531e-07,-1.96154e-06,1.66930e-02,2.71032,0.92843
JAN,17,1.08230e-06,-1.88644e-04,2.21337e-02,2.24859,0.86458
JAN,18,1.99112e-06,-4.39743e-04,3.53064e-02,1.99310,0.81812
JAN,19,1.79554e-06,-4.44481e-04,3.80822e-02,2.02724,0.78685
JAN,20,1.58584e-06,-4.03075e-04,3.50919e-02,2.19590,0.73545
JAN,21,1.34046e-06,-3.55868e-04,3.31565e-02,2.26131,0.71687
JAN,22,1.26556e-06,-3.45194e-04,3.32577e-02,2.29423,0.70748
JAN,23,9.62960e-07,-2.48244e-04,2.41030e-02,2.50009,0.72155
FEB,0,1.22647e-06,-2.99275e-04,2.96495e-02,2.43659,0.83604
FEB,1,1.13228e-06,-2.74226e-04,2.76165e-02,2.43045,0.80073
FEB,2,1.24912e-06,-3.00982e-04,2.91139e-02,2.32235,0.79875
FEB,3,1.28691e-06,-2.90275e-04,2.65900e-02,2.16558,0.79351
FEB,4,1.55488e-06,-3.68108e-04,3.71517e-02,1.97941,0.78089
FEB,5,3.23535e-06,-9.05896e-04,1.00818e-01,1.63337,0.69002
FEB,6,2.35541e-06,-5.88436e-04,8.06311e-02,3.07528,0.80470
FEB,7,2.84466e-06,-6.48155e-04,7.93995e-02,4.17859,0.90928
FEB,8,3.06719e-06,-7.14896e-04,8.70893e-02,4.49919,0.95474
FEB,9,2.54528e-06,-5.81726e-04,7.98149e-02,4.85321,0.97480
FEB,10,2.11262e-06,-4.75078e-04,7.24164e-02,4.99500,0.98327
FEB,11,1.24601e-06,-2.63331e-04,5.93504e-02,4.98111,0.98676
FEB,12,1.31395e-06,-2.79656e-04,5.93289e-02,4.94717,0.98707
FEB,13,8.42153e-07,-1.67718e-04,5.23277e-02,4.84278,0.98962
FEB,14,1.83663e-07,3.70865e-05,3.33359e-02,4.68933,0.98479
FEB,15,8.08502e-07,-9.10390e-05,3.69653e-02,3.99835,0.97529
FEB,16,1.48082e-06,-2.46842e-04,3.92255e-02,3.31772,0.95199
FEB,17,9.00036e-07,-1.07505e-04,2.32793e-02,3.05082,0.93725
FEB,18,8.95533e-07,-1.23966e-04,1.90394e-02,2.77089,0.92907
FEB,19,1.34543e-06,-2.58769e-04,2.55897e-02,2.50600,0.92197
FEB,20,1.80656e-06,-3.98404e-04,3.44614e-02,2.37209,0.89110
FEB,21,1.59456e-06,-3.65108e-04,3.32243e-02,2.36840,0.88306
FEB,22,1.72503e-06,-4.13271e-04,3.69620e-02,2.34428,0.84887
FEB,23,1.40388e-06,-3.42297e-04,3.27498e-02,2.41418,0.84499
MAR,0,8.24208e-07,-1.71735e-04,2.60950e-02,2.59313,0.95388
MAR,1,8.70148e-07,-1.85602e-04,2.68486e-02,2.48515,0.94981
MAR,2,1.09793e-06,-2.44441e-04,2.96696e-02,2.39617,0.93802
MAR,3,1.10241e-06,-2.46013e-04,3.09353e-02,2.29593,0.91060
MAR,4,2.19094e-06,-5.71153e-04,6.55648e-02,2.24011,0.80906
MAR,5,2.36588e-06,-5.77385e-04,6.94312e-02,3.07991,0.84645
MAR,6,1.27773e-06,-2.72003e-04,5.20950e-02,4.03285,0.90057
MAR,7,2.34868e-06,-5.15047e-04,6.71701e-02,4.44542,0.91773
MAR,8,1.97737e-06,-3.98850e-04,6.05847e-02,4.79153,0.91791
MAR,9,1.72773e-06,-3.53810e-04,6.09131e-02,4.97568,0.92946
MAR,10,1.38863e-06,-2.77742e-04,5.68656e-02,5.11232,0.94293
MAR,11,9.60515e-07,-1.69692e-04,4.99992e-02,5.15322,0.95370
MAR,12,8.90528e-07,-1.60855e-04,4.90478e-02,5.06468,0.95517
MAR,13,8.33794e-07,-1.59544e-04,4.89661e-02,4.94386,0.97293
MAR,14,8.03249e-07,-1.56589e-04,4.80018e-02,4.81188,0.97765
MAR,15,3.17272e-07,-5.37641e-05,4.21171e-02,4.63582,0.98658
MAR,16,9.63179e-07,-1.82449e-04,4.26164e-02,4.30838,0.98067
MAR,17,1.81171e-06,-4.12003e-04,5.34251e-02,3.73746,0.96949
MAR,18,1.28745e-06,-2.75888e-04,4.08143e-02,3.44547,0.95543
MAR,19,9.31139e-07,-1.62446e-04,2.72912e-02,3.27635,0.96190
MAR,20,9.81908e-07,-1.61211e-04,2.29690e-02,3.10996,0.96365
MAR,21,1.04002e-06,-1.84195e-04,2.46885e-02,2.90102,0.95126
MAR,22,1.10147e-06,-2.08938e-04,2.69292e-02,2.73381,0.94187
MAR,23,9.57992e-07,-1.86052e-04,2.62628e-02,2.67483,0.94897
APR,0,5.67256e-07,-1.04020e-04,2.78602e-02,2.76574,0.96320
APR,1,6.64547e-07,-1.15855e-04,2.65799e-02,2.63173,0.95477
APR,2,1.16624e-06,-2.40269e-04,3.46348e-02,2.46366,0.92891
APR,3,2.30619e-06,-5.38126e-04,5.79153e-02,2.53166,0.87281
APR,4,2.24625e-06,-4.99346e-04,5.69605e-02,3.19058,0.86569
APR,5,1.55418e-06,-3.10178e-04,4.77327e-02,3.85654,0.89815
APR,6,1.29010e-06,-2.47304e-04,4.77980e-02,4.26306,0.90371
APR,7,9.54418e-07,-1.84388e-04,4.87512e-02,4.62227,0.91426
APR,8,1.00431e-06,-2.07437e-04,5.31288e-02,4.87131,0.93589
APR,9,1.18532e-06,-2.30600e-04,5.27378e-02,5.13430,0.94502
APR,10,7.21461e-07,-1.30050e-04,4.84753e-02,5.12227,0.95308
APR,11,2.44110e-07,-2.12726e-05,4.11744e-02,5.17790,0.96765
APR,12,-1.02625e-08,2.68364e-05,3.83886e-02,5.13417,0.97263
APR,13,-2.58544e-07,5.90150e-05,3.74371e-02,5.06148,0.97707
APR,14,-3.98989e-07,9.09474e-05,3.41321e-02,5.03131,0.97919
APR,15,-1.60735e-07,2.50625e-05,3.79068e-02,4.95251,0.97662
APR,16,5.20824e-08,-4.75078e-05,4.19595e-02,4.89638,0.98036
APR,17,4.91647e-07,-1.38863e-04,4.08977e-02,4.81065,0.97898
APR,18,1.17338e-06,-2.61257e-04,4.02311e-02,4.65409,0.97169
APR,19,1.25562e-06,-2.68475e-04,3.57522e-02,4.40133,0.95851
APR,20,7.06147e-07,-1.17923e-04,2.53369e-02,4.01363,0.97495
APR,21,5.57166e-07,-8.84047e-05,2.51846e-02,3.54716,0.97558
APR,22,9.73757e-07,-2.01024e-04,3.39167e-02,3.13530,0.96752
APR,23,7.16765e-07,-1.40610e-04,3.05064e-02,2.93061,0.96002
MAY,0,3.84342e-07,-1.13479e-04,3.23024e-02,3.19548,0.97235
MAY,1,6.38480e-07,-1.59749e-04,3.38614e-02,2.98921,0.96691
MAY,2,8.77240e-07,-1.89653e-04,3.51375e-02,3.06794,0.94049
MAY,3,1.41893e-06,-3.22153e-04,4.45146e-02,3.53768,0.90626
MAY,4,1.29845e-06,-2.82224e-04,4.20147e-02,4.11214,0.91208
MAY,5,1.40107e-06,-2.89466e-04,4.28826e-02,4.46725,0.90881
MAY,6,1.41086e-06,-2.99041e-04,4.61356e-02,4.69980,0.92419
MAY,7,1.37985e-06,-3.17219e-04,4.99805e-02,4.93539,0.93295
MAY,8,8.31674e-07,-1.99640e-04,4.49859e-02,5.16251,0.95553
MAY,9,2.63150e-07,-6.54831e-05,3.63257e-02,5.28897,0.96467
MAY,10,-1.91458e-09,-4.81036e-06,3.32618e-02,5.22226,0.97512
MAY,11,-2.12222e-07,2.21253e-05,3.30751e-02,5.09869,0.97431
MAY,12,-2.54464e-07,5.11483e-05,2.99230e-02,5.00934,0.97876
MAY,13,-1.96892e-07,2.73880e-05,3.04933e-02,4.93104,0.98109
MAY,14,7.18262e-08,-3.11238e-05,3.27397e-02,4.84503,0.98302
MAY,15,2.22554e-07,-8.55257e-05,3.62244e-02,4.86580,0.97858
MAY,16,5.57784e-07,-1.80592e-04,4.28089e-02,4.96015,0.96597
MAY,17,9.72131e-07,-2.93287e-04,4.89792e-02,5.12579,0.95001
MAY,18,1.33401e-06,-3.57673e-04,4.75517e-02,5.21000,0.94573
MAY,19,9.30321e-07,-2.32637e-04,3.42499e-02,5.28174,0.96069
MAY,20,6.10822e-07,-1.44272e-04,2.81515e-02,4.91847,0.96898
MAY,21,4.61541e-07,-1.00170e-04,2.63409e-02,4.40625,0.98267
MAY,22,3.68514e-07,-9.53118e-05,2.88291e-02,3.89809,0.99076
MAY,23,7.46462e-07,-1.85745e-04,3.50457e-02,3.50290,0.98128
JUN,0,1.11851e-07,-5.19873e-05,2.75228e-02,3.50372,0.97012
JUN,1,3.11098e-08,-3.26792e-05,2.69087e-02,3.28906,0.97641
JUN,2,6.91730e-08,-2.59515e-05,2.70178e-02,3.43453,0.96242
JUN,3,4.24772e-07,-1.03670e-04,3.15260e-02,3.93971,0.93152
JUN,4,9.11767e-07,-1.82632e-04,3.35847e-02,4.37993,0.93118
JUN,5,7.49798e-07,-1.54071e-04,3.22787e-02,4.65170,0.91820
JUN,6,6.36040e-07,-1.55728e-04,3.52778e-02,4.78506,0.92969
JUN,7,5.99105e-07,-1.46946e-04,3.60098e-02,4.94184,0.94327
JUN,8,6.12515e-07,-1.59200e-04,3.70512e-02,5.12265,0.94526
JUN,9,5.37062e-07,-1.44182e-04,3.53692e-02,5.18114,0.95382
JUN,10,4.98737e-07,-1.20990e-04,3.14475e-02,5.17666,0.95832
JUN,11,1.62389e-07,-3.96488e-05,2.62574e-02,5.08784,0.96952
JUN,12,1.52115e-07,-4.23215e-05,2.59607e-02,4.95371,0.97571
JUN,13,-5.22143e-08,-1.78944e-05,2.57724e-02,4.79498,0.97450
JUN,14,7.65167e-08,-4.44846e-05,2.68000e-02,4.70745,0.97779
JUN,15,3.07785e-07,-9.60830e-05,2.90650e-02,4.69166,0.97505
JUN,16,6.65719e-07,-1.84108e-04,3.46085e-02,4.76922,0.95427
JUN,17,7.43064e-07,-2.34091e-04,3.93742e-02,4.96240,0.91102
JUN,18,1.46044e-06,-3.99561e-04,4.69379e-02,5.18187,0.86917
JUN,19,1.07359e-06,-2.99271e-04,3.96448e-02,5.22458,0.93107
JUN,20,5.36843e-07,-1.45149e-04,2.66705e-02,5.22981,0.96127
JUN,21,3.71936e-07,-1.21211e-04,2.93008e-02,4.69666,0.95112
JUN,22,7.35292e-08,-5.03737e-05,2.66397e-02,4.23309,0.96844
JUN,23,-7.55803e-08,-7.31273e-06,2.48476e-02,3.83387,0.97905
JUL,0,-2.75656e-07,4.41140e-05,2.24648e-02,3.24608,0.97615
JUL,1,1.48854e-08,-2.06285e-05,2.54805e-02,3.00417,0.97276
JUL,2,6.28027e-07,-1.44133e-04,3.07667e-02,3.07038,0.95548
JUL,3,5.13051e-07,-1.34341e-04,3.35733e-02,3.56143,0.92079
JUL,4,1.09535e-07,-3.71982e-05,2.83671e-02,4.08023,0.92637
JUL,5,5.14121e-07,-1.17346e-04,3.22884e-02,4.36719,0.92663
JUL,6,5.13562e-07,-1.30092e-04,3.48868e-02,4.48167,0.92364
JUL,7,6.13580e-07,-1.49311e-04,3.58833e-02,4.67030,0.94009
JUL,8,5.72868e-07,-1.36673e-04,3.48614e-02,4.84153,0.95667
JUL,9,3.69860e-07,-8.32154e-05,3.12265e-02,4.91086,0.95329
JUL,10,2.18519e-07,-4.57286e-05,2.76677e-02,4.94788,0.96057
JUL,11,3.71475e-07,-7.88266e-05,2.80909e-02,4.89867,0.96952
JUL,12,3.97557e-07,-9.64574e-05,2.87321e-02,4.79534,0.97151
JUL,13,7.20383e-08,-2.33903e-05,2.40443e-02,4.69202,0.97718
JUL,14,4.64980e-07,-1.00592e-04,2.78004e-02,4.55723,0.96810
JUL,15,5.08149e-08,-3.75048e-05,2.61492e-02,4.50289,0.97414
JUL,16,4.16798e-07,-1.30245e-04,3.23982e-02,4.49921,0.96337
JUL,17,4.49509e-07,-1.50842e-04,3.51796e-02,4.67609,0.93522
JUL,18,7.75684e-07,-2.44083e-04,3.92159e-02,4.94966,0.92546
JUL,19,4.58631e-07,-1.46349e-04,3.05987e-02,4.96914,0.96290
JUL,20,-1.85298e-08,-1.74957e-05,2.18321e-02,4.82010,0.95966
JUL,21,-4.08048e-07,6.47688e-05,1.91758e-02,4.37273,0.96413
JUL,22,-6.99058e-07,1.18373e-04,1.87248e-02,3.88940,0.97446
JUL,23,-5.07160e-07,9.80072e-05,1.93408e-02,3.49701,0.98259
AUG,0,5.89091e-07,-1.37000e-04,2.70271e-02,3.05773,0.95828
AUG,1,3.51616e-07,-8.04285e-05,2.26661e-02,2.87980,0.95138
AUG,2,6.05938e-07,-1.35042e-04,2.63402e-02,2.73155,0.93679
AUG,3,1.07482e-06,-2.58858e-04,3.88782e-02,3.04342,0.87829
AUG,4,9.65771e-07,-2.27281e-04,3.76487e-02,3.73863,0.89006
AUG,5,1.11814e-06,-2.52960e-04,3.97700e-02,4.13971,0.92466
AUG,6,8.98326e-07,-1.95015e-04,3.77583e-02,4.48906,0.93210
AUG,7,1.01497e-06,-2.54912e-04,4.42686e-02,4.70730,0.92842
AUG,8,8.59888e-07,-2.16882e-04,4.28792e-02,4.88147,0.95055
AUG,9,5.19328e-07,-1.20902e-04,3.49275e-02,5.02309,0.96536
AUG,10,4.58927e-07,-1.01558e-04,3.35030e-02,4.99227,0.96896
AUG,11,2.15095e-09,5.83143e-06,2.64199e-02,4.99510,0.97927
AUG,12,1.10075e-07,-1.21934e-05,2.58096e-02,4.85030,0.98161
AUG,13,3.52184e-07,-7.41716e-05,2.89559e-02,4.73034,0.98092
AUG,14,7.04296e-08,-1.80144e-05,2.61828e-02,4.63992,0.98369
AUG,15,-2.93693e-08,-2.12369e-06,2.51955e-02,4.60945,0.98185
AUG,16,6.01905e-07,-1.56809e-04,3.56448e-02,4.58710,0.96494
AUG,17,1.03561e-06,-3.05104e-04,4.62068e-02,4.83831,0.93801
AUG,18,9.71684e-07,-2.91045e-04,4.18275e-02,4.98325,0.95147
AUG,19,4.85968e-07,-1.44282e-04,2.81304e-02,4.97653,0.96306
AUG,20,3.64545e-07,-1.15086e-04,2.58412e-02,4.53060,0.95750
AUG,21,5.25699e-07,-1.27211e-04,2.50324e-02,4.02549,0.97249
AUG,22,5.71880e-07,-1.37898e-04,2.69327e-02,3.56251,0.97330
AUG,23,5.04757e-07,-1.30512e-04,2.76663e-02,3.27339,0.96840
SEP,0,7.21413e-07,-1.98646e-04,3.30306e-02,2.68187,0.93500
SEP,1,7.59869e-07,-2.20405e-04,3.46237e-02,2.54440,0.92603
SEP,2,7.01536e-07,-1.91512e-04,3.07092e-02,2.51093,0.92158
SEP,3,9.35538e-07,-2.60702e-04,3.89216e-02,2.51876,0.88296
SEP,4,1.53462e-06,-4.54831e-04,6.19876e-02,2.81556,0.82569
SEP,5,1.12846e-06,-3.21832e-04,5.30455e-02,3.67015,0.89477
SEP,6,8.51289e-07,-2.68545e-04,5.40269e-02,4.20459,0.89555
SEP,7,1.14804e-06,-3.36641e-04,5.92144e-02,4.58631,0.88210
SEP,8,1.34552e-06,-3.70174e-04,5.97661e-02,4.77529,0.88442
SEP,9,2.97900e-07,-1.22789e-04,4.63104e-02,4.99106,0.92948
SEP,10,8.28679e-08,-7.94999e-05,4.38980e-02,5.05089,0.94751
SEP,11,-7.13562e-08,-1.75710e-05,3.77138e-02,5.07376,0.95462
SEP,12,-1.68620e-07,1.82510e-05,3.33197e-02,5.04417,0.96415
SEP,13,-1.68838e-07,-2.22784e-06,3.63496e-02,4.87838,0.96885
SEP,14,-3.43965e-07,4.95238e-05,3.27622e-02,4.80039,0.97514
SEP,15,-3.17432e-07,5.01666e-05,3.08621e-02,4.74056,0.96553
SEP,16,5.92139e-08,-4.45758e-05,3.50680e-02,4.63203,0.98284
SEP,17,7.20361e-07,-1.93149e-04,3.90188e-02,4.51354,0.97292
SEP,18,7.59104e-07,-1.88760e-04,3.32659e-02,4.42363,0.96050
SEP,19,7.36844e-07,-1.59613e-04,2.58796e-02,4.18943,0.95514
SEP,20,4.44468e-07,-9.82377e-05,2.21705e-02,3.78125,0.96254
SEP,21,7.52377e-07,-1.95568e-04,3.12360e-02,3.27751,0.95928
SEP,22,7.86271e-07,-2.12922e-04,3.35200e-02,2.98160,0.94708
SEP,23,9.57990e-07,-2.52061e-04,3.60782e-02,2.77599,0.93230
OCT,0,1.38317e-06,-3.19484e-04,3.12121e-02,2.88287,0.91587
OCT,1,1.19470e-06,-2.77431e-04,2.92405e-02,2.80330,0.90964
OCT,2,9.73103e-07,-2.24249e-04,2.54270e-02,2.76066,0.89916
OCT,3,5.12105e-07,-9.40209e-05,1.76786e-02,2.63047,0.86012
OCT,4,1.90752e-06,-5.23098e-04,6.31859e-02,2.67921,0.75581
OCT,5,1.59269e-06,-5.06920e-04,7.75139e-02,3.36010,0.77023
OCT,6,2.11614e-06,-5.47766e-04,7.36276e-02,4.49210,0.87165
OCT,7,2.08451e-06,-5.08984e-04,7.02284e-02,5.11594,0.90231
OCT,8,2.07200e-06,-4.76519e-04,6.74821e-02,5.53780,0.90339
OCT,9,1.82898e-06,-4.17043e-04,6.46032e-02,5.78306,0.90224
OCT,10,1.47478e-06,-2.88808e-04,5.29437e-02,5.88213,0.91563
OCT,11,1.04228e-06,-1.98268e-04,4.82037e-02,5.77317,0.93643
OCT,12,9.03468e-07,-1.72004e-04,4.83157e-02,5.69626,0.94266
OCT,13,9.38059e-07,-1.85017e-04,4.88515e-02,5.59128,0.94078
OCT,14,3.32023e-07,-2.79827e-05,3.81321e-02,5.29521,0.95478
OCT,15,1.80677e-07,-1.86599e-06,3.43409e-02,4.67833,0.97605
OCT,16,3.05881e-07,-2.73625e-05,3.04186e-02,4.20685,0.95812
OCT,17,9.04101e-07,-1.61866e-04,3.10389e-02,4.00255,0.96370
OCT,18,1.00854e-06,-1.44129e-04,2.02364e-02,3.72619,0.92230
OCT,19,6.47470e-07,-7.68754e-05,1.51133e-02,3.41469,0.93577
OCT,20,1.25175e-06,-2.48831e-04,2.57804e-02,3.09708,0.92480
OCT,21,1.51248e-06,-3.40525e-04,3.32487e-02,2.93028,0.92076
OCT,22,1.31589e-06,-2.99157e-04,3.07114e-02,2.93531,0.91686
OCT,23,1.53681e-06,-3.52534e-04,3.32870e-02,2.89521,0.90871
NOV,0,1.31397e-06,-2.85337e-04,2.32593e-02,2.89671,0.76383
NOV,1,1.26410e-06,-2.77725e-04,2.33477e-02,2.84742,0.76703
NOV,2,1.29370e-06,-3.08980e-04,2.85588e-02,2.58713,0.74599
NOV,3,9.92636e-07,-2.34603e-04,2.41386e-02,2.41128,0.73558
NOV,4,1.76694e-06,-4.47331e-04,4.53906e-02,2.31181,0.75308
NOV,5,2.84875e-06,-8.04849e-04,9.38732e-02,2.60734,0.71759
NOV,6,2.41230e-06,-6.25108e-04,8.21213e-02,3.87915,0.80148
NOV,7,1.83825e-06,-3.98687e-04,6.12098e-02,5.05668,0.90295
NOV,8,1.29321e-06,-2.62503e-04,5.65483e-02,5.50309,0.91471
NOV,9,4.43041e-07,-7.68370e-05,4.90226e-02,5.90670,0.94978
NOV,10,-1.50530e-07,9.82841e-05,3.54984e-02,5.84057,0.96351
NOV,11,-1.14612e-07,8.66617e-05,3.83848e-02,5.62842,0.96797
NOV,12,1.46543e-07,9.29886e-06,4.15076e-02,5.65423,0.94929
NOV,13,-2.63623e-07,1.49213e-04,2.78023e-02,5.44441,0.94644
NOV,14,-4.81133e-07,2.13135e-04,2.25677e-02,4.45839,0.95445
NOV,15,-3.46558e-07,1.90885e-04,1.93247e-02,3.55721,0.95948
NOV,16,2.58453e-07,6.18148e-05,1.77062e-02,3.11831,0.94952
NOV,17,1.16240e-06,-1.37766e-04,1.96910e-02,2.91014,0.92296
NOV,18,1.02012e-06,-1.36627e-04,1.59145e-02,2.67031,0.89200
NOV,19,1.54424e-06,-2.83659e-04,2.28567e-02,2.57061,0.86608
NOV,20,1.60324e-06,-3.41261e-04,2.75405e-02,2.62268,0.81328
NOV,21,1.57448e-06,-3.34792e-04,2.69190e-02,2.67168,0.79925
NOV,22,1.57865e-06,-3.48770e-04,2.82077e-02,2.76256,0.80009
NOV,23,1.43137e-06,-3.12652e-04,2.55295e-02,2.83319,0.77678
DEC,0,1.07452e-06,-2.75537e-04,2.49694e-02,2.71635,0.62788
DEC,1,9.71611e-07,-2.52387e-04,2.42269e-02,2.66539,0.61283
DEC,2,7.73545e-07,-1.92201e-04,2.11798e-02,2.42347,0.69379
DEC,3,7.98801e-07,-2.13306e-04,2.44214e-02,2.20374,0.68584
DEC,4,1.67496e-06,-3.79694e-04,3.21444e-02,2.05795,0.70597
DEC,5,2.57175e-06,-6.24380e-04,6.53464e-02,2.13147,0.72479
DEC,6,2.12498e-06,-5.90451e-04,8.38626e-02,2.50149,0.73804
DEC,7,2.42154e-06,-5.09969e-04,6.82280e-02,4.17237,0.86543
DEC,8,1.20880e-06,-2.33746e-04,5.39651e-02,5.04611,0.94617
DEC,9,9.25236e-08,3.03262e-05,3.88740e-02,5.21693,0.96883
DEC,10,1.86790e-08,5.49604e-05,3.52398e-02,5.22792,0.96238
DEC,11,1.24320e-07,3.12914e-05,3.81884e-02,5.19063,0.97414
DEC,12,7.32262e-08,4.30537e-05,3.47652e-02,5.18262,0.96578
DEC,13,2.30093e-07,4.92970e-05,2.84117e-02,4.74504,0.96123
DEC,14,-2.06202e-07,1.75626e-04,1.69950e-02,3.86752,0.94945
DEC,15,2.09206e-07,9.52400e-05,1.59737e-02,3.02496,0.95324
DEC,16,1.52039e-06,-1.94802e-04,2.30023e-02,2.63090,0.92662
DEC,17,2.08992e-06,-3.80374e-04,2.89373e-02,2.40864,0.86008
DEC,18,2.02177e-06,-4.15576e-04,3.05319e-02,2.21327,0.75954
DEC,19,1.77620e-06,-3.93190e-04,3.03844e-02,2.23396,0.71905
DEC,20,1.75426e-06,-4.05747e-04,3.13739e-02,2.38201,0.63328
DEC,21,1.46502e-06,-3.54431e-04,2.92152e-02,2.50352,0.61348
DEC,22,1.35926e-06,-3.46268e-04,3.00886e-02,2.56754,0.59577
DEC,23,1.06772e-06,-2.76222e-04,2.56810e-02,2.64075,0.57778
